/dev/input/event4 0001 0330 00000001
/dev/input/event4 0003 0053 00002013
/dev/input/event4 0003 0054 00001027
/dev/input/event4 0000 0002 00000000
/dev/input/event4 0000 0000 00000000
/dev/input/event4 0003 0053 00002349
/dev/input/event4 0003 0054 00000691
/dev/input/event4 0000 0002 00000000
/dev/input/event4 0003 0053 00002013
/dev/input/event4 0003 0054 00001027
/dev/input/event4 0000 0002 00000000
/dev/input/event4 0000 0000 00000000
/dev/input/event4 0003 0053 00002349
/dev/input/event4 0003 0054 00000691
/dev/input/event4 0000 0002 00000000
/dev/input/event4 0003 0053 00002026
/dev/input/event4 0003 0054 00001014
/dev/input/event4 0000 0002 00000000
/dev/input/event4 0000 0000 00000000
/dev/input/event4 0003 0053 00002336
/dev/input/event4 0003 0054 00000704
/dev/input/event4 0000 0002 00000000
/dev/input/event4 0003 0053 00002026
/dev/input/event4 0003 0054 00001014
/dev/input/event4 0000 0002 00000000
/dev/input/event4 0000 0000 00000000
/dev/input/event4 0003 0053 00002336
/dev/input/event4 0003 0054 00000704
/dev/input/event4 0000 0002 00000000
/dev/input/event4 0003 0053 00002040
/dev/input/event4 0003 0054 00001000
/dev/input/event4 0000 0002 00000000
/dev/input/event4 0000 0000 00000000
/dev/input/event4 0003 0053 00002323
/dev/input/event4 0003 0054 00000717
/dev/input/event4 0000 0002 00000000
/dev/input/event4 0003 0053 00002040
/dev/input/event4 0003 0054 00001000
/dev/input/event4 0000 0002 00000000
/dev/input/event4 0000 0000 00000000
/dev/input/event4 0003 0053 00002323
/dev/input/event4 0003 0054 00000717
/dev/input/event4 0000 0002 00000000
/dev/input/event4 0003 0053 00002053
/dev/input/event4 0003 0054 00000987
/dev/input/event4 0000 0002 00000000
/dev/input/event4 0000 0000 00000000
/dev/input/event4 0003 0053 00002309
/dev/input/event4 0003 0054 00000731
/dev/input/event4 0000 0002 00000000
/dev/input/event4 0003 0053 00002053
/dev/input/event4 0003 0054 00000987
/dev/input/event4 0000 0002 00000000
/dev/input/event4 0000 0000 00000000
/dev/input/event4 0003 0053 00002309
/dev/input/event4 0003 0054 00000731
/dev/input/event4 0000 0002 00000000
/dev/input/event4 0003 0053 00002067
/dev/input/event4 0003 0054 00000973
/dev/input/event4 0000 0002 00000000
/dev/input/event4 0000 0000 00000000
/dev/input/event4 0003 0053 00002296
/dev/input/event4 0003 0054 00000744
/dev/input/event4 0000 0002 00000000
/dev/input/event4 0003 0053 00002067
/dev/input/event4 0003 0054 00000973
/dev/input/event4 0000 0002 00000000
/dev/input/event4 0000 0000 00000000
/dev/input/event4 0003 0053 00002296
/dev/input/event4 0003 0054 00000744
/dev/input/event4 0000 0002 00000000
/dev/input/event4 0003 0053 00002080
/dev/input/event4 0003 0054 00000962
/dev/input/event4 0000 0002 00000000
/dev/input/event4 0000 0000 00000000
/dev/input/event4 0003 0053 00002282
/dev/input/event4 0003 0054 00000756
/dev/input/event4 0000 0002 00000000
/dev/input/event4 0003 0053 00002080
/dev/input/event4 0003 0054 00000962
/dev/input/event4 0000 0002 00000000
/dev/input/event4 0000 0000 00000000
/dev/input/event4 0003 0053 00002282
/dev/input/event4 0003 0054 00000756
/dev/input/event4 0000 0002 00000000
/dev/input/event4 0003 0053 00002092
/dev/input/event4 0003 0054 00000948
/dev/input/event4 0000 0002 00000000
/dev/input/event4 0000 0000 00000000
/dev/input/event4 0003 0053 00002270
/dev/input/event4 0003 0054 00000770
/dev/input/event4 0000 0002 00000000
/dev/input/event4 0003 0053 00002092
/dev/input/event4 0003 0054 00000948
/dev/input/event4 0000 0002 00000000
/dev/input/event4 0000 0000 00000000
/dev/input/event4 0003 0053 00002270
/dev/input/event4 0003 0054 00000770
/dev/input/event4 0000 0002 00000000
/dev/input/event4 0003 0053 00002105
/dev/input/event4 0003 0054 00000935
/dev/input/event4 0000 0002 00000000
/dev/input/event4 0000 0000 00000000
/dev/input/event4 0003 0053 00002257
/dev/input/event4 0003 0054 00000783
/dev/input/event4 0000 0002 00000000
/dev/input/event4 0003 0053 00002105
/dev/input/event4 0003 0054 00000935
/dev/input/event4 0000 0002 00000000
/dev/input/event4 0000 0000 00000000
/dev/input/event4 0003 0053 00002257
/dev/input/event4 0003 0054 00000783
/dev/input/event4 0000 0002 00000000
/dev/input/event4 0003 0053 00002119
/dev/input/event4 0003 0054 00000921
/dev/input/event4 0000 0002 00000000
/dev/input/event4 0000 0000 00000000
/dev/input/event4 0003 0053 00002243
/dev/input/event4 0003 0054 00000797
/dev/input/event4 0000 0002 00000000
/dev/input/event4 0003 0053 00002119
/dev/input/event4 0003 0054 00000921
/dev/input/event4 0000 0002 00000000
/dev/input/event4 0000 0000 00000000
/dev/input/event4 0003 0053 00002243
/dev/input/event4 0003 0054 00000797
/dev/input/event4 0000 0002 00000000
/dev/input/event4 0003 0053 00002132
/dev/input/event4 0003 0054 00000908
/dev/input/event4 0000 0002 00000000
/dev/input/event4 0000 0000 00000000
/dev/input/event4 0003 0053 00002230
/dev/input/event4 0003 0054 00000810
/dev/input/event4 0000 0002 00000000
/dev/input/event4 0003 0053 00002132
/dev/input/event4 0003 0054 00000908
/dev/input/event4 0000 0002 00000000
/dev/input/event4 0000 0000 00000000
/dev/input/event4 0003 0053 00002230
/dev/input/event4 0003 0054 00000810
/dev/input/event4 0000 0002 00000000
/dev/input/event4 0003 0053 00002146
/dev/input/event4 0003 0054 00000894
/dev/input/event4 0000 0002 00000000
/dev/input/event4 0000 0000 00000000
/dev/input/event4 0003 0053 00002216
/dev/input/event4 0003 0054 00000824
/dev/input/event4 0000 0002 00000000
/dev/input/event4 0003 0053 00002146
/dev/input/event4 0003 0054 00000894
/dev/input/event4 0000 0002 00000000
/dev/input/event4 0000 0000 00000000
/dev/input/event4 0000 0002 00000000
/dev/input/event4 0000 0000 00000000
/dev/input/event4 0001 0330 00000000
/dev/input/event4 0003 0053 00000000
/dev/input/event4 0003 0054 00000000
/dev/input/event4 0000 0002 00000000
/dev/input/event4 0000 0000 00000000
/dev/input/event4 0001 0330 00000001
/dev/input/event4 0003 0053 00002013
/dev/input/event4 0003 0054 00001027
/dev/input/event4 0000 0002 00000000
/dev/input/event4 0000 0000 00000000
/dev/input/event4 0003 0053 00002349
/dev/input/event4 0003 0054 00000691
/dev/input/event4 0000 0002 00000000
/dev/input/event4 0003 0053 00002013
/dev/input/event4 0003 0054 00001027
/dev/input/event4 0000 0002 00000000
/dev/input/event4 0000 0000 00000000
/dev/input/event4 0003 0053 00002349
/dev/input/event4 0003 0054 00000691
/dev/input/event4 0000 0002 00000000
/dev/input/event4 0003 0053 00002026
/dev/input/event4 0003 0054 00001014
/dev/input/event4 0000 0002 00000000
/dev/input/event4 0000 0000 00000000
/dev/input/event4 0003 0053 00002336
/dev/input/event4 0003 0054 00000704
/dev/input/event4 0000 0002 00000000
/dev/input/event4 0003 0053 00002026
/dev/input/event4 0003 0054 00001014
/dev/input/event4 0000 0002 00000000
/dev/input/event4 0000 0000 00000000
/dev/input/event4 0003 0053 00002336
/dev/input/event4 0003 0054 00000704
/dev/input/event4 0000 0002 00000000
/dev/input/event4 0003 0053 00002040
/dev/input/event4 0003 0054 00001000
/dev/input/event4 0000 0002 00000000
/dev/input/event4 0000 0000 00000000
/dev/input/event4 0003 0053 00002323
/dev/input/event4 0003 0054 00000717
/dev/input/event4 0000 0002 00000000
/dev/input/event4 0003 0053 00002040
/dev/input/event4 0003 0054 00001000
/dev/input/event4 0000 0002 00000000
/dev/input/event4 0000 0000 00000000
/dev/input/event4 0003 0053 00002323
/dev/input/event4 0003 0054 00000717
/dev/input/event4 0000 0002 00000000
/dev/input/event4 0003 0053 00002053
/dev/input/event4 0003 0054 00000987
/dev/input/event4 0000 0002 00000000
/dev/input/event4 0000 0000 00000000
/dev/input/event4 0003 0053 00002309
/dev/input/event4 0003 0054 00000731
/dev/input/event4 0000 0002 00000000
/dev/input/event4 0003 0053 00002053
/dev/input/event4 0003 0054 00000987
/dev/input/event4 0000 0002 00000000
/dev/input/event4 0000 0000 00000000
/dev/input/event4 0003 0053 00002309
/dev/input/event4 0003 0054 00000731
/dev/input/event4 0000 0002 00000000
/dev/input/event4 0003 0053 00002067
/dev/input/event4 0003 0054 00000973
/dev/input/event4 0000 0002 00000000
/dev/input/event4 0000 0000 00000000
/dev/input/event4 0003 0053 00002296
/dev/input/event4 0003 0054 00000744
/dev/input/event4 0000 0002 00000000
/dev/input/event4 0003 0053 00002067
/dev/input/event4 0003 0054 00000973
/dev/input/event4 0000 0002 00000000
/dev/input/event4 0000 0000 00000000
/dev/input/event4 0003 0053 00002296
/dev/input/event4 0003 0054 00000744
/dev/input/event4 0000 0002 00000000
/dev/input/event4 0003 0053 00002080
/dev/input/event4 0003 0054 00000962
/dev/input/event4 0000 0002 00000000
/dev/input/event4 0000 0000 00000000
/dev/input/event4 0003 0053 00002282
/dev/input/event4 0003 0054 00000756
/dev/input/event4 0000 0002 00000000
/dev/input/event4 0003 0053 00002080
/dev/input/event4 0003 0054 00000962
/dev/input/event4 0000 0002 00000000
/dev/input/event4 0000 0000 00000000
/dev/input/event4 0003 0053 00002282
/dev/input/event4 0003 0054 00000756
/dev/input/event4 0000 0002 00000000
/dev/input/event4 0003 0053 00002092
/dev/input/event4 0003 0054 00000948
/dev/input/event4 0000 0002 00000000
/dev/input/event4 0000 0000 00000000
/dev/input/event4 0003 0053 00002270
/dev/input/event4 0003 0054 00000770
/dev/input/event4 0000 0002 00000000
/dev/input/event4 0003 0053 00002092
/dev/input/event4 0003 0054 00000948
/dev/input/event4 0000 0002 00000000
/dev/input/event4 0000 0000 00000000
/dev/input/event4 0003 0053 00002270
/dev/input/event4 0003 0054 00000770
/dev/input/event4 0000 0002 00000000
/dev/input/event4 0003 0053 00002105
/dev/input/event4 0003 0054 00000935
/dev/input/event4 0000 0002 00000000
/dev/input/event4 0000 0000 00000000
/dev/input/event4 0003 0053 00002257
/dev/input/event4 0003 0054 00000783
/dev/input/event4 0000 0002 00000000
/dev/input/event4 0003 0053 00002105
/dev/input/event4 0003 0054 00000935
/dev/input/event4 0000 0002 00000000
/dev/input/event4 0000 0000 00000000
/dev/input/event4 0003 0053 00002257
/dev/input/event4 0003 0054 00000783
/dev/input/event4 0000 0002 00000000
/dev/input/event4 0003 0053 00002119
/dev/input/event4 0003 0054 00000921
/dev/input/event4 0000 0002 00000000
/dev/input/event4 0000 0000 00000000
/dev/input/event4 0003 0053 00002243
/dev/input/event4 0003 0054 00000797
/dev/input/event4 0000 0002 00000000
/dev/input/event4 0003 0053 00002119
/dev/input/event4 0003 0054 00000921
/dev/input/event4 0000 0002 00000000
/dev/input/event4 0000 0000 00000000
/dev/input/event4 0003 0053 00002243
/dev/input/event4 0003 0054 00000797
/dev/input/event4 0000 0002 00000000
/dev/input/event4 0003 0053 00002132
/dev/input/event4 0003 0054 00000908
/dev/input/event4 0000 0002 00000000
/dev/input/event4 0000 0000 00000000
/dev/input/event4 0003 0053 00002230
/dev/input/event4 0003 0054 00000810
/dev/input/event4 0000 0002 00000000
/dev/input/event4 0003 0053 00002132
/dev/input/event4 0003 0054 00000908
/dev/input/event4 0000 0002 00000000
/dev/input/event4 0000 0000 00000000
/dev/input/event4 0003 0053 00002230
/dev/input/event4 0003 0054 00000810
/dev/input/event4 0000 0002 00000000
/dev/input/event4 0003 0053 00002146
/dev/input/event4 0003 0054 00000894
/dev/input/event4 0000 0002 00000000
/dev/input/event4 0000 0000 00000000
/dev/input/event4 0003 0053 00002216
/dev/input/event4 0003 0054 00000824
/dev/input/event4 0000 0002 00000000
/dev/input/event4 0003 0053 00002146
/dev/input/event4 0003 0054 00000894
/dev/input/event4 0000 0002 00000000
/dev/input/event4 0000 0000 00000000
/dev/input/event4 0000 0002 00000000
/dev/input/event4 0000 0000 00000000
/dev/input/event4 0001 0330 00000000
